414840
415184
415528
415872
416216
416560
416904
417248
417592
417936
418280
418624
418968
419312
419656
420000
420344
420688
421032
421376
421720
422064
422408
422752
423096
423440
423784
424128
424472
424816
425160
425504
425848
426192
426536
426880
427224
427568
427912
428256
428600
428944
429288
429632
429976
430320
430664
431008
431352
431696
432040
432384
432728
433072
433416
433760
434104
434448
434792
435136
435480
435824
436168
436512
436856
437200
437544
437888
438232
438576
438920
439264
439608
439952
440296
440640
440984
441328
441672
442016
442360
442704
443048
443392
443736
444080
444424
444768
445112
445456
445800
446144
446488
446832
447176
447520
447864
448208
448552
448896
