346040
346384
346728
347072
347416
347760
348104
348448
348792
349136
349480
349824
350168
350512
350856
351200
351544
351888
352232
352576
352920
353264
353608
353952
354296
354640
354984
355328
355672
356016
356360
356704
357048
357392
357736
358080
358424
358768
359112
359456
359800
360144
360488
360832
361176
361520
361864
362208
362552
362896
363240
363584
363928
364272
364616
364960
365304
365648
365992
366336
366680
367024
367368
367712
368056
368400
368744
369088
369432
369776
370120
370464
370808
371152
371496
371840
372184
372528
372872
373216
373560
373904
374248
374592
374936
375280
375624
375968
376312
376656
377000
377344
377688
378032
378376
378720
379064
379408
379752
380096
