pop , sel_co , obj1, obj2
100 0.1 0 9.18297 
100 0.2 0.831168 8.77983 
100 0.3 0.0035574 10.7816 
100 0.4 3.14497 11.6272 
100 0.5 1.65576 11.0147 
100 0.6 3.5676 11.7288 
100 0.7 2.32749 11.4433 
100 0.8 0.519633 9.88601 
100 0.9 2.56952 12.9931 
100 1.0 3.83658 10.7865 
101 0.1 0.575867 10.4923 
101 0.2 0.366248 10.9911 
101 0.3 0.330716 11.0402 
101 0.4 0.224296 9.7066 
101 0.5 0.0989514 11.3644 
101 0.6 0.125279 11.455 
101 0.7 0.238792 10.1764 
101 0.8 3.51236 10.7759 
101 0.9 0.0705598 10.53 
101 1.0 4.3958 11.9951 
102 0.1 -0.00433311 9.47068 
102 0.2 0.0960663 9.90457 
102 0.3 -0.0849959 9.10072 
102 0.4 0.909631 9.981 
102 0.5 1.6253 11.8833 
102 0.6 3.8472 10.7432 
102 0.7 1.78456 12.2151 
102 0.8 0.112958 11.4405 
102 0.9 2.52979 12.7747 
102 1.0 4.44087 9.65665 
103 0.1 0.741507 11.5375 
103 0.2 -0.00709174 10.5108 
103 0.3 0.987328 10.7995 
103 0.4 0 9.33336 
103 0.5 0.358539 10.5548 
103 0.6 0.033195 11.6651 
103 0.7 3.76878 11.9937 
103 0.8 1.97679 9.7486 
103 0.9 2.41679 10.1764 
103 1.0 2.43621 12.3286 
104 0.1 0.243039 9.40162 
104 0.2 1.00136 8.05481 
104 0.3 2.24624 8.3024 
104 0.4 -0.00610211 11.4468 
104 0.5 0.143661 10.8705 
104 0.6 0.166252 10.594 
104 0.7 0.0106474 10.226 
104 0.8 0.018309 10.3122 
104 0.9 2.39257 11.235 
104 1.0 1.7703 10.798 
105 0.1 0.43235 7.86069 
105 0.2 -0.0288199 7.90082 
105 0.3 0.652806 10.7177 
105 0.4 0.00452344 11.5557 
105 0.5 2.07901 9.75123 
105 0.6 0.205472 11.3656 
105 0.7 2.44272 10.1509 
105 0.8 2.01458 12.0658 
105 0.9 2.56297 11.835 
105 1.0 1.81039 12.1144 
106 0.1 0.908771 9.8399 
106 0.2 0.0206662 9.10402 
106 0.3 0 9.27874 
106 0.4 1.82183 11.5237 
106 0.5 0.0130172 12.4962 
106 0.6 1.18146 10.3629 
106 0.7 0.882915 11.2056 
106 0.8 2.51047 11.5353 
106 0.9 3.64275 9.87798 
106 1.0 2.39352 10.6275 
107 0.1 0 8.09987 
107 0.2 2.55068 8.05776 
107 0.3 0.000631338 10.2325 
107 0.4 0 12.1414 
107 0.5 -0.00123889 9.9244 
107 0.6 0.59323 11.6492 
107 0.7 2.66718 11.7718 
107 0.8 7.0899 10.2531 
107 0.9 0.746271 12.4082 
107 1.0 1.75803 10.9262 
108 0.1 0.0318952 10.3123 
108 0.2 0 11.9088 
108 0.3 0.0125181 10.3083 
108 0.4 2.2192 10.9733 
108 0.5 2.61195 11.2552 
108 0.6 1.34533 10.6865 
108 0.7 3.2941 10.3708 
108 0.8 3.30151 11.0874 
108 0.9 0.0709459 11.1841 
108 1.0 2.68362 11.3247 
109 0.1 0.158577 10.891 
109 0.2 1.37253 9.4593 
109 0.3 0.94253 10.74 
109 0.4 0.0423816 10.23 
109 0.5 2.36592 12.1034 
109 0.6 1.70438 11.2071 
109 0.7 0 11.9197 
109 0.8 0.499548 10.8758 
109 0.9 4.60016 11.1827 
109 1.0 4.87352 9.25228 
